query_name	query_start	query_end	query_length	reference_name	reference_start	reference_end	perID_by_matches	perID_by_events	perID_by_all	matches	mismatches	insertions	deletions	insertion_events	deletion_events
chr6:161,894,200-161,898,986	0	4787	4787	LPA__HG00733__mat__ID.1	155664	160451	100.0	100.0	100.0	4787	0	0	0	0	0
chr6:161,894,200-161,898,986	0	4787	4787	LPA__CHM13__pri__ID.1	161619	166406	100.0	100.0	100.0	4787	0	0	0	0	0
chr6:161,894,200-161,898,986	0	4787	4787	LPA__HG00733__mat__ID.1	150109	154898	100.0	99.97911445279867	99.95823762789726	4787	0	0	2	0	1
chr6:161,894,200-161,898,986	0	4787	4787	LPA__HG02080__pat__ID.1	161210	165999	100.0	99.97911445279867	99.95823762789726	4787	0	0	2	0	1
chr6:161,894,200-161,898,986	0	4787	4787	LPA__NA12878__mat__ID.1	150150	154939	100.0	99.97911445279867	99.95823762789726	4787	0	0	2	0	1
chr6:161,894,200-161,898,986	0	4787	4787	LPA__HG02080__pat__ID.1	155655	160444	100.0	99.97911445279867	99.95823762789726	4787	0	0	2	0	1
chr6:161,894,200-161,898,986	0	4787	4787	LPA__CHM13__pri__ID.1	156064	160853	100.0	99.97911445279867	99.95823762789726	4787	0	0	2	0	1
chr6:161,894,200-161,898,986	0	4787	4787	LPA__NA12878__mat__ID.1	144599	149384	100.0	99.97910572503135	99.95822017965322	4785	0	2	0	1	0
chr6:161,894,200-161,898,986	0	4787	4787	LPA__HG00733__mat__ID.1	138993	143784	100.0	99.97911445279867	99.91651012314757	4787	0	0	4	0	1
chr6:161,894,200-161,898,986	0	4787	4787	LPA__CHM13__pri__ID.1	144952	149743	99.97911008982662	99.95822890559732	99.89563765393446	4786	1	0	4	0	1
chr6:161,894,200-161,898,986	0	4787	4787	LPA__HG02080__pat__ID.1	144537	149330	99.97911008982662	99.95822890559732	99.85395368245358	4786	1	0	6	0	1
chr6:161,894,200-161,898,986	0	4787	4787	LPA__NA12878__mat__ID.1	155705	160494	99.93733026947984	99.91645781119465	99.89559406974315	4784	3	0	2	0	1
chr6:161,894,200-161,898,986	0	4787	4787	LPA__NA12878__mat__ID.1	133485	138274	100.0	99.93735644184589	99.91649269311064	4786	0	1	3	1	2
chr6:161,894,200-161,898,986	0	4787	4787	LPA__NA12878__mat__ID.1	139040	143833	99.95822017965322	99.93734335839599	99.83308992280409	4785	2	0	6	0	1
chr6:161,894,200-161,898,986	0	4787	4787	LPA__HG02080__pat__ID.1	138978	143771	99.95822017965322	99.93734335839599	99.83308992280409	4785	2	0	6	0	1
chr6:161,894,200-161,898,986	0	4787	4787	LPA__HG00733__mat__ID.1	144550	149343	99.93733026947984	99.91645781119465	99.8122261631546	4784	3	0	6	0	1
chr6:161,894,200-161,898,986	0	4787	4787	LPA__CHM13__pri__ID.1	133858	138639	99.93725162099979	99.91635299038059	99.81199080843952	4778	3	6	0	1	0
chr6:161,894,200-161,898,986	0	4787	4787	LPA__HG02080__pat__ID.1	133431	138212	99.93725162099979	99.91635299038059	99.81199080843952	4778	3	6	0	1	0
chr6:161,894,200-161,898,986	0	4787	4787	LPA__HG00733__mat__ID.1	133446	138227	99.93725162099979	99.91635299038059	99.81199080843952	4778	3	6	0	1	0
chr6:161,894,200-161,898,986	0	4787	4787	LPA__CHM13__pri__ID.1	139405	144186	99.93725162099979	99.91635299038059	99.81199080843952	4778	3	6	0	1	0
chr6:161,894,200-161,898,986	0	4787	4787	LPA__CHM13__pri__ID.1	150509	155298	99.95818523938951	99.91640543364682	99.74963488420613	4781	2	4	6	1	1
chr6:161,894,200-161,898,986	0	4787	4787	LPA__HG01109__mat__ID.1	133826	138607	99.89541936833298	99.87452948557089	99.77021098809276	4776	5	6	0	1	0
chr6:161,894,200-161,898,986	0	4787	4787	LPA__HG03492__pat__ID.1	133414	138195	99.89541936833298	99.87452948557089	99.77021098809276	4776	5	6	0	1	0
chr6:161,894,200-161,898,986	0	4787	4787	LPA__NA12878__pat__ID.1	133429	138210	99.89541936833298	99.87452948557089	99.77021098809276	4776	5	6	0	1	0
chr6:161,894,200-161,898,986	0	4787	4787	LPA__HG00733__pat__ID.1	133403	138184	99.89541936833298	99.87452948557089	99.77021098809276	4776	5	6	0	1	0
chr6:161,894,200-161,898,986	0	4787	4787	LPA__NA19240__pat__ID.1	133443	138224	99.89541936833298	99.87452948557089	99.77021098809276	4776	5	6	0	1	0
chr6:161,894,200-161,898,986	0	4787	4787	LPA__GRCh38chrOnly__pri__ID.1	148826	153609	99.81183357725277	99.79096989966555	99.72843116774598	4774	9	4	0	1	0
chr6:161,894,200-161,898,986	0	4787	4787	LPA__HG00733__mat__ID.1	177874	182655	99.83267098933277	99.81179422835633	99.70754125757259	4773	8	6	0	1	0
chr6:161,894,200-161,898,986	0	4787	4787	LPA__CHM13__pri__ID.1	178276	183057	99.83267098933277	99.81179422835633	99.70754125757259	4773	8	6	0	1	0
chr6:161,894,200-161,898,986	0	4787	4787	LPA__HG02080__pat__ID.1	177869	182650	99.81175486299938	99.79088247595149	99.6866513473992	4772	9	6	0	1	0
chr6:161,894,200-161,898,986	0	4787	4787	LPA__HG02080__pat__ID.1	150096	154889	99.95819397993311	99.81214777708203	99.70809007506256	4782	2	3	9	3	4
chr6:161,894,200-161,898,986	0	4787	4787	LPA__HG00733__mat__ID.1	183421	188209	98.57829813924316	98.49592646751618	98.39315525876461	4715	68	4	5	2	2
chr6:161,894,200-161,898,986	0	4787	4787	LPA__NA12878__mat__ID.1	161260	166040	98.53525842226408	98.45285385741167	98.3500417710944	4709	70	8	1	3	1
chr6:161,894,200-161,898,986	0	4787	4787	LPA__HG00733__mat__ID.1	161217	166003	98.49466861802216	98.41236682682265	98.35073068893529	4711	72	4	3	2	2
chr6:161,894,200-161,898,986	0	4787	4787	LPA__CHM13__pri__ID.1	167172	171958	98.49466861802216	98.41236682682265	98.35073068893529	4711	72	4	3	2	2
chr6:161,894,200-161,898,986	0	4787	4787	LPA__CHM13__pri__ID.1	183823	188601	98.5346451747959	98.45220665132817	98.30827067669173	4707	70	10	1	3	1
chr6:161,894,200-161,898,986	0	4787	4787	LPA__HG02080__pat__ID.1	183416	188194	98.5346451747959	98.45220665132817	98.30827067669173	4707	70	10	1	3	1
chr6:161,894,200-161,898,986	0	4787	4787	LPA__GRCh38chrOnly__pri__ID.1	154375	159153	98.5346451747959	98.45220665132817	98.30827067669173	4707	70	10	1	3	1
chr6:161,894,200-161,898,986	0	4787	4787	LPA__HG02080__pat__ID.1	166765	171551	98.47376123771691	98.39147691664925	98.32985386221294	4710	73	4	3	2	2
chr6:161,894,200-161,898,986	0	4787	4787	LPA__HG01109__mat__ID.1	144920	149700	98.4934086629002	98.41103909680118	98.30827067669173	4707	72	8	1	3	1
chr6:161,894,200-161,898,986	0	4787	4787	LPA__NA12878__pat__ID.1	138976	143754	98.51371153443584	98.43129052499476	98.28738512949039	4706	71	10	1	3	1
chr6:161,894,200-161,898,986	0	4787	4787	LPA__CHM13__pri__ID.1	172724	177510	98.45285385741167	98.37058700647587	98.3089770354906	4709	74	4	3	2	2
chr6:161,894,200-161,898,986	0	4787	4787	LPA__HG00733__mat__ID.1	172322	177108	98.45285385741167	98.37058700647587	98.3089770354906	4709	74	4	3	2	2
chr6:161,894,200-161,898,986	0	4787	4787	LPA__HG02080__pat__ID.1	200055	204837	98.45220665132817	98.36990595611286	98.30827067669173	4707	74	6	1	3	1
chr6:161,894,200-161,898,986	0	4787	4787	LPA__CHM13__pri__ID.1	200462	205244	98.45220665132817	98.36990595611286	98.30827067669173	4707	74	6	1	3	1
chr6:161,894,200-161,898,986	0	4787	4787	LPA__CHM13__pri__ID.1	194914	199696	98.45220665132817	98.36990595611286	98.30827067669173	4707	74	6	1	3	1
chr6:161,894,200-161,898,986	0	4787	4787	LPA__HG00733__mat__ID.1	194520	199302	98.45220665132817	98.36990595611286	98.30827067669173	4707	74	6	1	3	1
chr6:161,894,200-161,898,986	0	4787	4787	LPA__HG02080__pat__ID.1	194507	199289	98.45220665132817	98.36990595611286	98.30827067669173	4707	74	6	1	3	1
chr6:161,894,200-161,898,986	0	4787	4787	LPA__HG00733__mat__ID.1	200068	204850	98.45220665132817	98.36990595611286	98.30827067669173	4707	74	6	1	3	1
chr6:161,894,200-161,898,986	0	4787	4787	LPA__NA19240__pat__ID.1	144537	149317	98.47248378321825	98.39013171649593	98.28738512949039	4706	73	8	1	3	1
chr6:161,894,200-161,898,986	0	4787	4787	LPA__HG00733__mat__ID.1	166770	171556	98.43194647710642	98.34969709630249	98.28810020876827	4708	75	4	3	2	2
chr6:161,894,200-161,898,986	0	4787	4787	LPA__HG02080__pat__ID.1	172317	177103	98.43194647710642	98.34969709630249	98.28810020876827	4708	75	4	3	2	2
chr6:161,894,200-161,898,986	0	4787	4787	LPA__HG03492__pat__ID.1	138961	143741	98.51371153443584	98.41070681723129	98.2463465553236	4706	71	10	3	3	2
chr6:161,894,200-161,898,986	0	4787	4787	LPA__HG00733__pat__ID.1	138950	143730	98.51371153443584	98.41070681723129	98.2463465553236	4706	71	10	3	3	2
chr6:161,894,200-161,898,986	0	4787	4787	LPA__HG03125__pat__ID.1	144846	149630	98.36922433619067	98.30756372753865	98.26649958228906	4705	78	4	1	2	1
chr6:161,894,200-161,898,986	0	4787	4787	LPA__HG03125__pat__ID.1	139296	144080	98.36922433619067	98.30756372753865	98.26649958228906	4705	78	4	1	2	1
chr6:161,894,200-161,898,986	0	4787	4787	LPA__HG03125__pat__ID.1	155947	160729	98.41037439866136	98.32810867293625	98.26649958228906	4705	76	6	1	3	1
chr6:161,894,200-161,898,986	0	4787	4787	LPA__NA19240__pat__ID.1	138990	143771	98.51402260359983	98.39046822742475	98.26722338204593	4707	71	9	3	4	2
chr6:161,894,200-161,898,986	0	4787	4787	LPA__HG00733__pat__ID.1	194416	199198	98.41037439866136	98.32810867293625	98.26649958228906	4705	76	6	1	3	1
chr6:161,894,200-161,898,986	0	4787	4787	LPA__NA12878__pat__ID.1	161155	165937	98.41037439866136	98.32810867293625	98.26649958228906	4705	76	6	1	3	1
chr6:161,894,200-161,898,986	0	4787	4787	LPA__CHM13__pri__ID.1	206010	210790	98.43063402385437	98.34831695588542	98.24561403508773	4704	75	8	1	3	1
chr6:161,894,200-161,898,986	0	4787	4787	LPA__HG01109__mat__ID.1	156012	160792	98.43063402385437	98.34831695588542	98.24561403508773	4704	75	8	1	3	1
chr6:161,894,200-161,898,986	0	4787	4787	LPA__NA19240__pat__ID.1	150083	154863	98.43063402385437	98.34831695588542	98.24561403508773	4704	75	8	1	3	1
chr6:161,894,200-161,898,986	0	4787	4787	LPA__HG00733__mat__ID.1	205616	210396	98.43063402385437	98.34831695588542	98.24561403508773	4704	75	8	1	3	1
chr6:161,894,200-161,898,986	0	4787	4787	LPA__HG01109__mat__ID.1	150466	155246	98.43063402385437	98.34831695588542	98.24561403508773	4704	75	8	1	3	1
chr6:161,894,200-161,898,986	0	4787	4787	LPA__HG00733__pat__ID.1	155583	160363	98.43063402385437	98.34831695588542	98.24561403508773	4704	75	8	1	3	1
chr6:161,894,200-161,898,986	0	4787	4787	LPA__NA12878__pat__ID.1	188890	193668	98.45091061335566	98.36854214599457	98.22472848788638	4703	74	10	1	3	1
chr6:161,894,200-161,898,986	0	4787	4787	LPA__GRCh38chrOnly__pri__ID.1	143282	148060	98.45091061335566	98.36854214599457	98.22472848788638	4703	74	10	1	3	1
chr6:161,894,200-161,898,986	0	4787	4787	LPA__HG00733__pat__ID.1	188866	193650	98.34831695588542	98.28666945257	98.24561403508773	4704	79	4	1	2	1
chr6:161,894,200-161,898,986	0	4787	4787	LPA__HG03492__pat__ID.1	188880	193664	98.34831695588542	98.28666945257	98.24561403508773	4704	79	4	1	2	1
chr6:161,894,200-161,898,986	0	4787	4787	LPA__HG03125__pat__ID.1	150397	155181	98.34831695588542	98.28666945257	98.24561403508773	4704	79	4	1	2	1
chr6:161,894,200-161,898,986	0	4787	4787	LPA__CHM1__pri__ID.1	144864	149648	98.34831695588542	98.28666945257	98.24561403508773	4704	79	4	1	2	1
chr6:161,894,200-161,898,986	0	4787	4787	LPA__HG03125__pat__ID.1	133744	138530	98.39013171649593	98.30791727595572	98.2463465553236	4706	77	4	3	2	2
chr6:161,894,200-161,898,986	0	4787	4787	LPA__HG00733__pat__ID.1	216609	221393	98.34831695588542	98.28666945257	98.24561403508773	4704	79	4	1	2	1
chr6:161,894,200-161,898,986	0	4787	4787	LPA__HG03492__pat__ID.1	211075	215859	98.34831695588542	98.28666945257	98.24561403508773	4704	79	4	1	2	1
chr6:161,894,200-161,898,986	0	4787	4787	LPA__HG01109__mat__ID.1	139373	144154	98.4930933444956	98.3695652173913	98.2463465553236	4706	72	9	3	4	2
chr6:161,894,200-161,898,986	0	4787	4787	LPA__HG03492__pat__ID.1	155594	160374	98.40970914417242	98.32740957558018	98.22472848788638	4703	76	8	1	3	1
chr6:161,894,200-161,898,986	0	4787	4787	LPA__HG03492__pat__ID.1	161140	165920	98.40970914417242	98.32740957558018	98.22472848788638	4703	76	8	1	3	1
chr6:161,894,200-161,898,986	0	4787	4787	LPA__NA12878__pat__ID.1	150065	154847	98.45155890353631	98.34866220735786	98.22546972860125	4705	74	8	3	3	2
chr6:161,894,200-161,898,986	0	4787	4787	LPA__HG03125__pat__ID.1	189207	193987	98.40970914417242	98.32740957558018	98.22472848788638	4703	76	8	1	3	1
chr6:161,894,200-161,898,986	0	4787	4787	LPA__HG02080__pat__ID.1	216685	221463	98.4299769729956	98.34762601966116	98.20384294068505	4702	75	10	1	3	1
chr6:161,894,200-161,898,986	0	4787	4787	LPA__HG03125__pat__ID.1	167037	171815	98.4299769729956	98.34762601966116	98.20384294068505	4702	75	10	1	3	1
chr6:161,894,200-161,898,986	0	4787	4787	LPA__CHM13__pri__ID.1	211556	216334	98.4299769729956	98.34762601966116	98.20384294068505	4702	75	10	1	3	1
chr6:161,894,200-161,898,986	0	4787	4787	LPA__NA12878__pat__ID.1	166703	171481	98.4299769729956	98.34762601966116	98.20384294068505	4702	75	10	1	3	1
chr6:161,894,200-161,898,986	0	4787	4787	LPA__HG00733__mat__ID.1	250011	254789	98.4299769729956	98.34762601966116	98.20384294068505	4702	75	10	1	3	1
chr6:161,894,200-161,898,986	0	4787	4787	LPA__HG00733__pat__ID.1	161129	165907	98.4299769729956	98.34762601966116	98.20384294068505	4702	75	10	1	3	1
chr6:161,894,200-161,898,986	0	4787	4787	LPA__HG03125__pat__ID.1	216933	221711	98.4299769729956	98.34762601966116	98.20384294068505	4702	75	10	1	3	1
chr6:161,894,200-161,898,986	0	4787	4787	LPA__HG03125__pat__ID.1	222477	227255	98.4299769729956	98.34762601966116	98.20384294068505	4702	75	10	1	3	1
chr6:161,894,200-161,898,986	0	4787	4787	LPA__HG03492__pat__ID.1	216625	221401	98.45026178010471	98.36785938480854	98.1829573934837	4701	74	12	1	3	1
chr6:161,894,200-161,898,986	0	4787	4787	LPA__HG00733__pat__ID.1	222159	226935	98.45026178010471	98.36785938480854	98.1829573934837	4701	74	12	1	3	1
chr6:161,894,200-161,898,986	0	4787	4787	LPA__HG02080__pat__ID.1	233318	238104	98.36922433619067	98.28702736578232	98.22546972860125	4705	78	4	3	2	2
chr6:161,894,200-161,898,986	0	4787	4787	LPA__HG02080__pat__ID.1	188960	193741	98.41004184100419	98.30721003134796	98.24561403508773	4704	76	7	1	4	1
chr6:161,894,200-161,898,986	0	4787	4787	LPA__HG03492__pat__ID.1	194430	199211	98.41004184100419	98.30721003134796	98.24561403508773	4704	76	7	1	4	1
chr6:161,894,200-161,898,986	0	4787	4787	LPA__HG00733__pat__ID.1	199964	204745	98.41004184100419	98.30721003134796	98.24561403508773	4704	76	7	1	4	1
chr6:161,894,200-161,898,986	0	4787	4787	LPA__NA19240__pat__ID.1	155630	160409	98.43030556718293	98.32740957558018	98.22472848788638	4703	75	9	1	4	1
chr6:161,894,200-161,898,986	0	4787	4787	LPA__CHM1__pri__ID.1	139318	144098	98.38878426449048	98.30650219527493	98.20384294068505	4702	77	8	1	3	1
chr6:161,894,200-161,898,986	0	4787	4787	LPA__HG03125__pat__ID.1	211387	216167	98.38878426449048	98.30650219527493	98.20384294068505	4702	77	8	1	3	1
chr6:161,894,200-161,898,986	0	4787	4787	LPA__HG03492__pat__ID.1	222168	226946	98.40904333263555	98.32670989332776	98.1829573934837	4701	76	10	1	3	1
chr6:161,894,200-161,898,986	0	4787	4787	LPA__NA12878__pat__ID.1	183336	188124	98.36922433619067	98.28702736578232	98.18447412353923	4705	78	4	5	2	2
chr6:161,894,200-161,898,986	0	4787	4787	LPA__HG00733__pat__ID.1	227701	232479	98.40904333263555	98.32670989332776	98.1829573934837	4701	76	10	1	3	1
chr6:161,894,200-161,898,986	0	4787	4787	LPA__NA12878__mat__ID.1	183434	188222	98.36922433619067	98.28702736578232	98.18447412353923	4705	78	4	5	2	2
chr6:161,894,200-161,898,986	0	4787	4787	LPA__HG00733__mat__ID.1	244465	249245	98.45091061335566	98.34797156001673	98.18371607515658	4703	74	10	3	3	2
chr6:161,894,200-161,898,986	0	4787	4787	LPA__CHM1__pri__ID.1	133772	138552	98.45091061335566	98.34797156001673	98.18371607515658	4703	74	10	3	3	2
chr6:161,894,200-161,898,986	0	4787	4787	LPA__HG00733__mat__ID.1	211162	215940	98.40904333263555	98.32670989332776	98.1829573934837	4701	76	10	1	3	1
chr6:161,894,200-161,898,986	0	4787	4787	LPA__NA12878__pat__ID.1	194434	199212	98.40904333263555	98.32670989332776	98.1829573934837	4701	76	10	1	3	1
chr6:161,894,200-161,898,986	0	4787	4787	LPA__CHM13__pri__ID.1	244861	249641	98.45091061335566	98.34797156001673	98.18371607515658	4703	74	10	3	3	2
chr6:161,894,200-161,898,986	0	4787	4787	LPA__HG02080__pat__ID.1	255522	260300	98.40904333263555	98.32670989332776	98.1829573934837	4701	76	10	1	3	1
chr6:161,894,200-161,898,986	0	4787	4787	LPA__CHM13__pri__ID.1	250407	255185	98.40904333263555	98.32670989332776	98.1829573934837	4701	76	10	1	3	1
chr6:161,894,200-161,898,986	0	4787	4787	LPA__HG03492__pat__ID.1	150052	154828	98.42931937172774	98.3469345051266	98.16207184628237	4700	75	12	1	3	1
chr6:161,894,200-161,898,986	0	4787	4787	LPA__NA12878__pat__ID.1	155613	160389	98.42931937172774	98.3469345051266	98.16207184628237	4700	75	12	1	3	1
chr6:161,894,200-161,898,986	0	4787	4787	LPA__HG00733__pat__ID.1	150041	154817	98.42931937172774	98.3469345051266	98.16207184628237	4700	75	12	1	3	1
chr6:161,894,200-161,898,986	0	4787	4787	LPA__HG00733__pat__ID.1	211057	215843	98.34831695588542	98.26613745560894	98.20459290187891	4704	79	4	3	2	2
chr6:161,894,200-161,898,986	0	4787	4787	LPA__HG03492__pat__ID.1	205523	210309	98.34831695588542	98.26613745560894	98.20459290187891	4704	79	4	3	2	2
chr6:161,894,200-161,898,986	0	4787	4787	LPA__CHM13__pri__ID.1	189367	194148	98.38912133891213	98.28631138975966	98.22472848788638	4703	77	7	1	4	1
chr6:161,894,200-161,898,986	0	4787	4787	LPA__HG00733__pat__ID.1	144496	149275	98.40937630807869	98.30650219527493	98.20384294068505	4702	76	9	1	4	1
chr6:161,894,200-161,898,986	0	4787	4787	LPA__HG03492__pat__ID.1	144507	149286	98.40937630807869	98.30650219527493	98.20384294068505	4702	76	9	1	4	1
chr6:161,894,200-161,898,986	0	4787	4787	LPA__NA12878__pat__ID.1	144520	149299	98.40937630807869	98.30650219527493	98.20384294068505	4702	76	9	1	4	1
chr6:161,894,200-161,898,986	0	4787	4787	LPA__NA12878__mat__ID.1	172346	177123	98.42964824120602	98.32670989332776	98.1829573934837	4701	75	11	1	4	1
chr6:161,894,200-161,898,986	0	4787	4787	LPA__NA19240__pat__ID.1	194462	199240	98.38810969227549	98.30579376699436	98.16207184628237	4700	77	10	1	3	1
chr6:161,894,200-161,898,986	0	4787	4787	LPA__HG03125__pat__ID.1	250193	254976	98.32705980761187	98.24488090263267	98.20384294068505	4702	80	5	1	3	1
chr6:161,894,200-161,898,986	0	4787	4787	LPA__HG01109__mat__ID.1	194843	199621	98.38810969227549	98.30579376699436	98.16207184628237	4700	77	10	1	3	1
chr6:161,894,200-161,898,986	0	4787	4787	LPA__HG03492__pat__ID.1	199977	204757	98.4299769729956	98.32705980761187	98.16283924843424	4702	75	10	3	3	2
chr6:161,894,200-161,898,986	0	4787	4787	LPA__HG00733__pat__ID.1	205511	210291	98.4299769729956	98.32705980761187	98.16283924843424	4702	75	10	3	3	2
chr6:161,894,200-161,898,986	0	4787	4787	LPA__HG02080__pat__ID.1	249976	254756	98.4299769729956	98.32705980761187	98.16283924843424	4702	75	10	3	3	2
chr6:161,894,200-161,898,986	0	4787	4787	LPA__NA12878__mat__ID.1	194548	199336	98.36922433619067	98.26649958228906	98.18447412353923	4705	78	4	5	2	3
chr6:161,894,200-161,898,986	0	4787	4787	LPA__HG02723__mat__ID.1	144864	149648	98.28559481496968	98.22398662766402	98.1829573934837	4701	82	4	1	2	1
chr6:161,894,200-161,898,986	0	4787	4787	LPA__HG01109__mat__ID.1	178212	182990	98.45026178010471	98.34728033472804	98.1419624217119	4701	74	12	3	3	2
chr6:161,894,200-161,898,986	0	4787	4787	LPA__HG00733__mat__ID.1	227807	232595	98.36922433619067	98.26649958228906	98.18447412353923	4705	78	4	5	2	3
chr6:161,894,200-161,898,986	0	4787	4787	LPA__HG03492__pat__ID.1	183328	188114	98.32740957558018	98.24524754543556	98.18371607515658	4703	80	4	3	2	2
chr6:161,894,200-161,898,986	0	4787	4787	LPA__HG03492__pat__ID.1	177774	182562	98.36922433619067	98.26649958228906	98.18447412353923	4705	78	4	5	2	3
chr6:161,894,200-161,898,986	0	4787	4787	LPA__NA19240__pat__ID.1	166721	171509	98.36922433619067	98.26649958228906	98.18447412353923	4705	78	4	5	2	3
chr6:161,894,200-161,898,986	0	4787	4787	LPA__HG02080__pat__ID.1	205603	210379	98.40837696335079	98.32600962544466	98.14118629908104	4699	76	12	1	3	1
chr6:161,894,200-161,898,986	0	4787	4787	LPA__HG03125__pat__ID.1	172581	177357	98.40837696335079	98.32600962544466	98.14118629908104	4699	76	12	1	3	1
chr6:161,894,200-161,898,986	0	4787	4787	LPA__HG02723__mat__ID.1	150414	155198	98.28559481496968	98.22398662766402	98.1829573934837	4701	82	4	1	2	1
chr6:161,894,200-161,898,986	0	4787	4787	LPA__NA19240__pat__ID.1	177829	182607	98.45026178010471	98.34728033472804	98.1419624217119	4701	74	12	3	3	2
chr6:161,894,200-161,898,986	0	4787	4787	LPA__HG00733__pat__ID.1	177760	182548	98.36922433619067	98.26649958228906	98.18447412353923	4705	78	4	5	2	3
chr6:161,894,200-161,898,986	0	4787	4787	LPA__HG01109__mat__ID.1	167104	171892	98.36922433619067	98.26649958228906	98.18447412353923	4705	78	4	5	2	3
chr6:161,894,200-161,898,986	0	4787	4787	LPA__HG00733__mat__ID.1	188975	193754	98.38844704897447	98.28559481496968	98.1829573934837	4701	77	9	1	4	1
chr6:161,894,200-161,898,986	0	4787	4787	LPA__NA19240__pat__ID.1	188919	193696	98.40871021775544	98.30579376699436	98.16207184628237	4700	76	11	1	4	1
chr6:161,894,200-161,898,986	0	4784	4787	LPA__HG02723__mat__ID.1	178126	182907	98.28451882845188	98.22287267405395	98.18181818181819	4698	82	4	1	2	1
chr6:161,894,200-161,898,986	0	4784	4787	LPA__HG02723__pat__ID.1	166656	171437	98.28451882845188	98.22287267405395	98.18181818181819	4698	82	4	1	2	1
chr6:161,894,200-161,898,986	0	4787	4787	LPA__HG03125__pat__ID.1	178123	182899	98.38743455497382	98.30508474576271	98.1203007518797	4698	77	12	1	3	1
chr6:161,894,200-161,898,986	0	4787	4787	LPA__HG03125__pat__ID.1	161495	166271	98.38743455497382	98.30508474576271	98.1203007518797	4698	77	12	1	3	1
chr6:161,894,200-161,898,986	0	4787	4787	LPA__GRCh38chrOnly__pri__ID.1	132184	136970	98.30650219527493	98.22435763526217	98.16283924843424	4702	81	4	3	2	2
chr6:161,894,200-161,898,986	0	4787	4787	LPA__HG00733__pat__ID.1	183314	188100	98.30650219527493	98.22435763526217	98.16283924843424	4702	81	4	3	2	2
chr6:161,894,200-161,898,986	0	4787	4787	LPA__CHM13__pri__ID.1	228201	232989	98.34831695588542	98.24561403508773	98.1636060100167	4704	79	4	5	2	3
chr6:161,894,200-161,898,986	0	4787	4787	LPA__HG03125__pat__ID.1	183665	188441	98.38743455497382	98.30508474576271	98.1203007518797	4698	77	12	1	3	1
chr6:161,894,200-161,898,986	0	4787	4787	LPA__NA12878__mat__ID.1	166806	171580	98.40771003561701	98.32530877119531	98.09941520467837	4697	76	14	1	3	1
chr6:161,894,200-161,898,986	0	4787	4787	LPA__HG03125__pat__ID.1	244645	249427	98.30579376699436	98.22361546499478	98.16207184628237	4700	81	6	1	3	1
chr6:161,894,200-161,898,986	0	4787	4787	LPA__HG03125__pat__ID.1	239099	243879	98.32600962544466	98.24378005435919	98.14118629908104	4699	80	8	1	3	1
chr6:161,894,200-161,898,986	0	4787	4787	LPA__NA12878__mat__ID.1	205646	210426	98.32600962544466	98.24378005435919	98.14118629908104	4699	80	8	1	3	1
chr6:161,894,200-161,898,986	0	4787	4787	LPA__GRCh38chrOnly__pri__ID.1	137736	142516	98.38810969227549	98.28523630280218	98.12108559498957	4700	77	10	3	3	2
chr6:161,894,200-161,898,986	0	4787	4787	LPA__HG01109__mat__ID.1	189302	194077	98.4080435693339	98.30508474576271	98.1203007518797	4698	76	13	1	4	1
chr6:161,894,200-161,898,986	0	4787	4787	LPA__HG02723__pat__ID.1	211047	215831	98.24378005435919	98.1821980777267	98.14118629908104	4699	84	4	1	2	1
chr6:161,894,200-161,898,986	0	4787	4787	LPA__HG01109__pat__ID.1	172191	176975	98.24378005435919	98.1821980777267	98.14118629908104	4699	84	4	1	2	1
chr6:161,894,200-161,898,986	0	4787	4787	LPA__HG01109__pat__ID.1	161091	165875	98.24378005435919	98.1821980777267	98.14118629908104	4699	84	4	1	2	1
chr6:161,894,200-161,898,986	0	4787	4787	LPA__CHM1__pri__ID.1	155953	160725	98.40704254873192	98.32460732984293	98.05764411027569	4695	76	16	1	3	1
chr6:161,894,200-161,898,986	0	4787	4787	LPA__HG03125__pat__ID.1	205841	210621	98.30508474576271	98.22287267405395	98.1203007518797	4698	81	8	1	3	1
chr6:161,894,200-161,898,986	0	4787	4787	LPA__HG01243__pat__ID.1	172673	177453	98.30508474576271	98.22287267405395	98.1203007518797	4698	81	8	1	3	1
chr6:161,894,200-161,898,986	0	4787	4787	LPA__CHM13__pri__ID.1	239313	244095	98.3469345051266	98.24414715719064	98.12108559498957	4700	79	8	3	3	2
chr6:161,894,200-161,898,986	0	4787	4787	LPA__HG00733__mat__ID.1	238917	243699	98.3469345051266	98.24414715719064	98.12108559498957	4700	79	8	3	3	2
chr6:161,894,200-161,898,986	0	4787	4787	LPA__HG00733__mat__ID.1	255555	260332	98.36683417085428	98.26396151432755	98.1203007518797	4698	78	11	1	4	1
chr6:161,894,200-161,898,986	0	4787	4787	LPA__NA19240__pat__ID.1	200006	204783	98.36683417085428	98.26396151432755	98.1203007518797	4698	78	11	1	4	1
chr6:161,894,200-161,898,986	0	4787	4787	LPA__NA12878__mat__ID.1	216736	221513	98.36683417085428	98.26396151432755	98.1203007518797	4698	78	11	1	4	1
chr6:161,894,200-161,898,986	0	4787	4787	LPA__HG02080__pat__ID.1	244428	249210	98.3469345051266	98.24414715719064	98.12108559498957	4700	79	8	3	3	2
chr6:161,894,200-161,898,986	0	4787	4787	LPA__CHM13__pri__ID.1	255951	260728	98.36683417085428	98.26396151432755	98.1203007518797	4698	78	11	1	4	1
chr6:161,894,200-161,898,986	0	4787	4787	LPA__NA19240__pat__ID.1	161175	165955	98.36717605191542	98.26432455039732	98.10020876826722	4699	78	10	3	3	2
chr6:161,894,200-161,898,986	0	4787	4787	LPA__HG01109__mat__ID.1	161558	166338	98.36717605191542	98.26432455039732	98.10020876826722	4699	78	10	3	3	2
chr6:161,894,200-161,898,986	0	4787	4787	LPA__HG03125__pat__ID.1	194753	199531	98.32530877119531	98.24304538799414	98.09941520467837	4697	80	10	1	3	1
chr6:161,894,200-161,898,986	0	4787	4787	LPA__HG01243__pat__ID.1	161575	166359	98.22287267405395	98.16130380275804	98.1203007518797	4698	85	4	1	2	1
chr6:161,894,200-161,898,986	0	4787	4787	LPA__HG02723__mat__ID.1	222516	227300	98.22287267405395	98.16130380275804	98.1203007518797	4698	85	4	1	2	1
chr6:161,894,200-161,898,986	0	4787	4787	LPA__NA19240__mat__ID.1	200238	205024	98.26468743466444	98.18257781491539	98.12108559498957	4700	83	4	3	2	2
chr6:161,894,200-161,898,986	0	4787	4787	LPA__HG02080__pat__ID.1	211145	215919	98.36580766813324	98.2834414904752	98.05764411027569	4695	78	14	1	3	1
chr6:161,894,200-161,898,986	0	4787	4787	LPA__CHM13__pri__ID.1	233755	238547	98.30650219527493	98.22435763526217	98.04003336113428	4702	81	4	9	2	2
chr6:161,894,200-161,898,986	0	4787	4787	LPA__HG01243__pat__ID.1	189319	194101	98.26396151432755	98.18181818181819	98.1203007518797	4698	83	6	1	3	1
chr6:161,894,200-161,898,986	0	4787	4787	LPA__HG02080__mat__ID.1	194820	199602	98.26396151432755	98.18181818181819	98.1203007518797	4698	83	6	1	3	1
chr6:161,894,200-161,898,986	0	4787	4787	LPA__HG01243__pat__ID.1	167125	171907	98.26396151432755	98.18181818181819	98.1203007518797	4698	83	6	1	3	1
chr6:161,894,200-161,898,986	0	4787	4787	LPA__HG01109__pat__ID.1	205481	210263	98.26396151432755	98.18181818181819	98.1203007518797	4698	83	6	1	3	1
chr6:161,894,200-161,898,986	0	4787	4787	LPA__CHM1__pri__ID.1	161491	166263	98.38608258226787	98.30366492146597	98.03675856307436	4694	77	16	1	3	1
chr6:161,894,200-161,898,986	0	4787	4787	LPA__CHM1__pri__ID.1	167029	171801	98.38608258226787	98.30366492146597	98.03675856307436	4694	77	16	1	3	1
chr6:161,894,200-161,898,986	0	4787	4787	LPA__HG02080__pat__ID.1	261066	265843	98.34589614740368	98.24304538799414	98.09941520467837	4697	79	11	1	4	1
chr6:161,894,200-161,898,986	0	4787	4787	LPA__HG01109__mat__ID.1	200387	205164	98.34589614740368	98.24304538799414	98.09941520467837	4697	79	11	1	4	1
chr6:161,894,200-161,898,986	0	4787	4787	LPA__HG00733__mat__ID.1	233361	238151	98.28559481496968	98.20346772508879	98.06007509386734	4701	82	4	7	2	2
chr6:161,894,200-161,898,986	0	4787	4787	LPA__HG01243__pat__ID.1	156029	160809	98.28415986608077	98.2019652937487	98.09941520467837	4697	82	8	1	3	1
chr6:161,894,200-161,898,986	0	4787	4787	LPA__NA19240__pat__ID.1	172275	177063	98.26468743466444	98.18257781491539	98.08013355592655	4700	83	4	5	2	2
chr6:161,894,200-161,898,986	0	4787	4787	LPA__HG03492__mat__ID.1	166664	171442	98.30437513083525	98.22212926166074	98.07852965747702	4696	81	10	1	3	1
chr6:161,894,200-161,898,986	0	4787	4787	LPA__HG01109__mat__ID.1	172658	177446	98.26468743466444	98.18257781491539	98.08013355592655	4700	83	4	5	2	2
chr6:161,894,200-161,898,986	0	4787	4787	LPA__HG01109__pat__ID.1	183289	188067	98.30437513083525	98.22212926166074	98.07852965747702	4696	81	10	1	3	1
chr6:161,894,200-161,898,986	0	4787	4787	LPA__HG02080__mat__ID.1	172630	177408	98.30437513083525	98.22212926166074	98.07852965747702	4696	81	10	1	3	1
chr6:161,894,200-161,898,986	0	4787	4787	LPA__HG02723__mat__ID.1	194780	199564	98.2019652937487	98.14040952778939	98.09941520467837	4697	86	4	1	2	1
chr6:161,894,200-161,898,986	0	4787	4787	LPA__HG02723__pat__ID.1	194409	199193	98.2019652937487	98.14040952778939	98.09941520467837	4697	86	4	1	2	1
chr6:161,894,200-161,898,986	0	4787	4787	LPA__HG00514__pat__ID.1	155996	160780	98.2019652937487	98.14040952778939	98.09941520467837	4697	86	4	1	2	1
chr6:161,894,200-161,898,986	0	4787	4787	LPA__HG03492__mat__ID.1	155566	160350	98.2019652937487	98.14040952778939	98.09941520467837	4697	86	4	1	2	1
chr6:161,894,200-161,898,986	0	4787	4787	LPA__HG03492__pat__ID.1	172230	177008	98.36649214659685	98.26359832635983	98.05845511482255	4697	78	12	3	3	2
chr6:161,894,200-161,898,986	0	4787	4787	LPA__HG02080__mat__ID.1	161532	166316	98.2019652937487	98.14040952778939	98.09941520467837	4697	86	4	1	2	1
chr6:161,894,200-161,898,986	0	4787	4787	LPA__HG01109__pat__ID.1	166641	171425	98.2019652937487	98.14040952778939	98.09941520467837	4697	86	4	1	2	1
chr6:161,894,200-161,898,986	0	4787	4787	LPA__HG00514__pat__ID.1	161546	166330	98.2019652937487	98.14040952778939	98.09941520467837	4697	86	4	1	2	1
chr6:161,894,200-161,898,986	0	4787	4787	LPA__HG00733__pat__ID.1	172216	176994	98.36649214659685	98.26359832635983	98.05845511482255	4697	78	12	3	3	2
chr6:161,894,200-161,898,986	0	4787	4787	LPA__HG02080__mat__ID.1	155982	160766	98.2019652937487	98.14040952778939	98.09941520467837	4697	86	4	1	2	1
chr6:161,894,200-161,898,986	0	4787	4787	LPA__HG03125__pat__ID.1	200297	205075	98.36683417085428	98.24341279799248	98.09981206932554	4698	78	11	2	4	2
chr6:161,894,200-161,898,986	0	4787	4787	LPA__CHM1__pri__ID.1	172567	177341	98.34485648439137	98.26250785011514	98.03675856307436	4694	79	14	1	3	1
chr6:161,894,200-161,898,986	0	4787	4787	LPA__HG01109__pat__ID.1	199933	204715	98.24304538799414	98.16091954022988	98.09941520467837	4697	84	6	1	3	1
chr6:161,894,200-161,898,986	0	4787	4787	LPA__HG02080__pat__ID.1	238870	243662	98.28559481496968	98.20346772508879	98.01918265221018	4701	82	4	9	2	2
chr6:161,894,200-161,898,986	0	4787	4787	LPA__HG02723__pat__ID.1	199959	204741	98.24304538799414	98.16091954022988	98.09941520467837	4697	84	6	1	3	1
chr6:161,894,200-161,898,986	0	4787	4787	LPA__HG00514__pat__ID.1	167097	171879	98.24304538799414	98.16091954022988	98.09941520467837	4697	84	6	1	3	1
chr6:161,894,200-161,898,986	0	4787	4787	LPA__HG01109__pat__ID.1	177741	182523	98.24304538799414	98.16091954022988	98.09941520467837	4697	84	6	1	3	1
chr6:161,894,200-161,898,986	0	4787	4787	LPA__GRCh38chrOnly__pri__ID.1	159919	164700	98.34658853076601	98.22324414715719	98.10020876826722	4699	79	9	3	4	2
chr6:161,894,200-161,898,986	0	4787	4787	LPA__HG02080__mat__ID.1	167082	171864	98.24304538799414	98.16091954022988	98.09941520467837	4697	84	6	1	3	1
chr6:161,894,200-161,898,986	0	4787	4787	LPA__HG00733__pat__ID.1	233245	238022	98.3249581239531	98.22212926166074	98.07852965747702	4696	80	11	1	4	1
chr6:161,894,200-161,898,986	0	4787	4787	LPA__HG01243__pat__ID.1	150486	155263	98.3249581239531	98.22212926166074	98.07852965747702	4696	80	11	1	4	1
chr6:161,894,200-161,898,986	0	4787	4787	LPA__NA12878__pat__ID.1	199978	204755	98.3249581239531	98.22212926166074	98.07852965747702	4696	80	11	1	4	1
chr6:161,894,200-161,898,986	0	4787	4787	LPA__NA12878__mat__ID.1	222279	227056	98.3249581239531	98.22212926166074	98.07852965747702	4696	80	11	1	4	1
chr6:161,894,200-161,898,986	0	4787	4787	LPA__HG03492__pat__ID.1	227712	232489	98.3249581239531	98.22212926166074	98.07852965747702	4696	80	11	1	4	1
chr6:161,894,200-161,898,986	0	4787	4787	LPA__HG00733__mat__ID.1	222251	227041	98.26468743466444	98.18257781491539	98.03921568627452	4700	83	4	7	2	2
chr6:161,894,200-161,898,986	0	4787	4787	LPA__CHM13__pri__ID.1	222645	227435	98.26468743466444	98.18257781491539	98.03921568627452	4700	83	4	7	2	2
chr6:161,894,200-161,898,986	0	4787	4787	LPA__HG02080__mat__ID.1	178174	182952	98.2834414904752	98.20121313532734	98.05764411027569	4695	82	10	1	3	1
chr6:161,894,200-161,898,986	0	4787	4787	LPA__NA12878__pat__ID.1	177790	182570	98.32530877119531	98.22250104558762	98.05845511482255	4697	80	10	3	3	2
chr6:161,894,200-161,898,986	0	4787	4787	LPA__NA19240__pat__ID.1	183373	188153	98.32530877119531	98.22250104558762	98.05845511482255	4697	80	10	3	3	2
chr6:161,894,200-161,898,986	0	4787	4787	LPA__HG01109__mat__ID.1	183756	188536	98.32530877119531	98.22250104558762	98.05845511482255	4697	80	10	3	3	2
chr6:161,894,200-161,898,986	0	4787	4787	LPA__HG02080__pat__ID.1	227774	232552	98.2834414904752	98.20121313532734	98.05764411027569	4695	82	10	1	3	1
chr6:161,894,200-161,898,986	0	4787	4787	LPA__HG00514__pat__ID.1	172645	177423	98.2834414904752	98.20121313532734	98.05764411027569	4695	82	10	1	3	1
chr6:161,894,200-161,898,986	0	4787	4787	LPA__NA12878__mat__ID.1	200102	204880	98.2834414904752	98.20121313532734	98.05764411027569	4695	82	10	1	3	1
chr6:161,894,200-161,898,986	0	4787	4787	LPA__HG03125__mat__ID.1	211387	216173	98.22287267405395	98.14079799456863	98.07933194154488	4698	85	4	3	2	2
chr6:161,894,200-161,898,986	0	4787	4787	LPA__HG02723__pat__ID.1	177755	182539	98.18105791344344	98.11951525282073	98.07852965747702	4696	87	4	1	2	1
chr6:161,894,200-161,898,986	0	4787	4787	LPA__HG02080__mat__ID.1	216998	221780	98.22212926166074	98.1400208986416	98.07852965747702	4696	85	6	1	3	1
chr6:161,894,200-161,898,986	0	4787	4787	LPA__HG03492__mat__ID.1	161116	165898	98.22212926166074	98.1400208986416	98.07852965747702	4696	85	6	1	3	1
chr6:161,894,200-161,898,986	0	4787	4787	LPA__HG03125__mat__ID.1	228042	232824	98.22212926166074	98.1400208986416	98.07852965747702	4696	85	6	1	3	1
chr6:161,894,200-161,898,986	0	4787	4787	LPA__HG02723__mat__ID.1	216968	221750	98.22212926166074	98.1400208986416	98.07852965747702	4696	85	6	1	3	1
chr6:161,894,200-161,898,986	0	4787	4787	LPA__HG02723__mat__ID.1	205880	210662	98.22212926166074	98.1400208986416	98.07852965747702	4696	85	6	1	3	1
chr6:161,894,200-161,898,986	0	4787	4787	LPA__NA12878__pat__ID.1	172247	177024	98.3661499790532	98.24267782426779	98.0375782881002	4696	78	13	3	4	2
chr6:161,894,200-161,898,986	0	4787	4787	LPA__HG02723__pat__ID.1	172206	176989	98.20158929318276	98.11951525282073	98.07852965747702	4696	86	5	1	3	1
chr6:161,894,200-161,898,986	0	4787	4787	LPA__HG00733__pat__ID.1	166673	171450	98.3661499790532	98.24267782426779	98.0375782881002	4696	78	13	3	4	2
chr6:161,894,200-161,898,986	0	4787	4787	LPA__HG03492__pat__ID.1	166686	171463	98.3661499790532	98.24267782426779	98.0375782881002	4696	78	13	3	4	2
chr6:161,894,200-161,898,986	0	4787	4787	LPA__HG01243__pat__ID.1	183767	188553	98.2019652937487	98.11990808439523	98.05845511482255	4697	86	4	3	2	2
chr6:161,894,200-161,898,986	0	4787	4787	LPA__HG02723__mat__ID.1	189228	194014	98.2019652937487	98.11990808439523	98.05845511482255	4697	86	4	3	2	2
chr6:161,894,200-161,898,986	0	4787	4787	LPA__HG02723__pat__ID.1	183305	188091	98.2019652937487	98.11990808439523	98.05845511482255	4697	86	4	3	2	2
chr6:161,894,200-161,898,986	0	4787	4787	LPA__HG02723__pat__ID.1	150026	154822	98.28559481496968	98.20346772508879	97.9375	4701	82	4	13	2	2
chr6:161,894,200-161,898,986	0	4787	4787	LPA__HG02723__mat__ID.1	200330	205114	98.1601505331382	98.09862097785206	98.05764411027569	4695	88	4	1	2	1
chr6:161,894,200-161,898,986	0	4787	4787	LPA__HG03125__mat__ID.1	222492	227276	98.1601505331382	98.09862097785206	98.05764411027569	4695	88	4	1	2	1
chr6:161,894,200-161,898,986	0	4787	4787	LPA__HG02723__mat__ID.1	167035	171829	98.26468743466444	98.18257781491539	97.95748228428512	4700	83	4	11	2	2
chr6:161,894,200-161,898,986	0	4787	4787	LPA__NA19240__mat__ID.1	222436	227218	98.20121313532734	98.11912225705329	98.05764411027569	4695	86	6	1	3	1
chr6:161,894,200-161,898,986	0	4787	4787	LPA__NA12878__mat__ID.1	177889	182668	98.3249581239531	98.20158929318276	98.0375782881002	4696	80	11	3	4	2
chr6:161,894,200-161,898,986	0	4787	4787	LPA__CHM13__pri__ID.1	217100	221879	98.3249581239531	98.20158929318276	98.0375782881002	4696	80	11	3	4	2
chr6:161,894,200-161,898,986	0	4787	4787	LPA__HG02080__pat__ID.1	222229	227008	98.3249581239531	98.20158929318276	98.0375782881002	4696	80	11	3	4	2
chr6:161,894,200-161,898,986	0	4787	4787	LPA__HG02723__mat__ID.1	183676	188462	98.18105791344344	98.09901817422185	98.0375782881002	4696	87	4	3	2	2
chr6:161,894,200-161,898,986	0	4787	4787	LPA__HG03125__pat__ID.1	233560	238333	98.32355406538139	98.22064056939502	97.99498746867168	4692	80	15	1	4	1
chr6:161,894,200-161,898,986	0	4787	4787	LPA__HG02723__mat__ID.1	139312	144098	98.18105791344344	98.09901817422185	98.0375782881002	4696	87	4	3	2	2
chr6:161,894,200-161,898,986	0	4787	4787	LPA__HG02723__pat__ID.1	188857	193643	98.18105791344344	98.09901817422185	98.0375782881002	4696	87	4	3	2	2
chr6:161,894,200-161,898,986	0	4787	4787	LPA__HG01109__pat__ID.1	194381	199167	98.18105791344344	98.09901817422185	98.0375782881002	4696	87	4	3	2	2
chr6:161,894,200-161,898,986	0	4787	4787	LPA__HG03125__pat__ID.1	228021	232794	98.32355406538139	98.22064056939502	97.99498746867168	4692	80	15	1	4	1
chr6:161,894,200-161,898,986	0	4787	4787	LPA__HG03492__mat__ID.1	177756	182542	98.18105791344344	98.09901817422185	98.0375782881002	4696	87	4	3	2	2
chr6:161,894,200-161,898,986	0	4787	4787	LPA__NA12878__mat__ID.1	188988	193782	98.24378005435919	98.16168790474201	97.93664026677783	4699	84	4	11	2	2
chr6:161,894,200-161,898,986	0	4787	4787	LPA__NA19240__mat__ID.1	216888	221670	98.18029700899393	98.09822361546499	98.03675856307436	4694	87	6	1	3	1
chr6:161,894,200-161,898,986	0	4787	4787	LPA__NA19240__mat__ID.1	194695	199472	98.282722513089	98.17991631799163	97.9954061390687	4693	82	12	2	3	2
chr6:161,894,200-161,898,986	0	4787	4787	LPA__HG00733__mat__ID.1	216706	221485	98.30402010050251	98.18067754077792	98.01670146137788	4695	81	11	3	4	2
chr6:161,894,200-161,898,986	0	4787	4787	LPA__NA19240__mat__ID.1	178063	182850	98.2019652937487	98.09941520467837	98.03798789396785	4697	86	4	4	2	3
chr6:161,894,200-161,898,986	0	4787	4787	LPA__HG03125__mat__ID.1	178107	182894	98.2019652937487	98.09941520467837	98.03798789396785	4697	86	4	4	2	3
chr6:161,894,200-161,898,986	0	4787	4787	LPA__HG03125__mat__ID.1	216939	221726	98.2019652937487	98.09941520467837	98.03798789396785	4697	86	4	4	2	3
chr6:161,894,200-161,898,986	0	4787	4787	LPA__HG03125__mat__ID.1	150382	155159	98.26214405360135	98.15938088266053	98.01587301587301	4693	83	11	1	4	1
chr6:161,894,200-161,898,986	0	4787	4787	LPA__HG03125__mat__ID.1	189213	194000	98.2019652937487	98.09941520467837	98.03798789396785	4697	86	4	4	2	3
chr6:161,894,200-161,898,986	0	4787	4787	LPA__HG03125__mat__ID.1	183660	188447	98.2019652937487	98.09941520467837	98.03798789396785	4697	86	4	4	2	3
chr6:161,894,200-161,898,986	0	4787	4787	LPA__HG03125__mat__ID.1	161468	166255	98.2019652937487	98.09941520467837	98.03798789396785	4697	86	4	4	2	3
chr6:161,894,200-161,898,986	0	4787	4787	LPA__HG03125__mat__ID.1	205844	210621	98.282722513089	98.17991631799163	97.9954061390687	4693	82	12	2	3	2
chr6:161,894,200-161,898,986	0	4787	4787	LPA__NA12878__mat__ID.1	211192	215970	98.4286612193589	98.24341279799248	98.03839732888147	4698	75	14	5	7	2
chr6:161,894,200-161,898,986	0	4787	4787	LPA__HG02080__mat__ID.1	189266	194054	98.18105791344344	98.09901817422185	97.9966611018364	4696	87	4	5	2	2
chr6:161,894,200-161,898,986	0	4787	4787	LPA__HG00514__pat__ID.1	217000	221778	98.22064056939502	98.13846475632712	97.99498746867168	4692	85	10	1	3	1
chr6:161,894,200-161,898,986	0	4787	4787	LPA__CHM1__pri__ID.1	150414	155187	98.30259849119867	98.19970692903496	97.97410192147034	4691	81	15	1	4	1
chr6:161,894,200-161,898,986	0	4787	4787	LPA__HG02080__mat__ID.1	183718	188500	98.15938088266053	98.0773249738767	98.01587301587301	4693	88	6	1	3	1
chr6:161,894,200-161,898,986	0	4787	4787	LPA__NA19240__mat__ID.1	205790	210569	98.22101297614064	98.1183357725277	98.01587301587301	4693	85	9	1	4	1
chr6:161,894,200-161,898,986	0	4787	4787	LPA__HG01243__pat__ID.1	178219	183001	98.15938088266053	98.0773249738767	98.01587301587301	4693	88	6	1	3	1
chr6:161,894,200-161,898,986	0	4787	4787	LPA__HG03492__mat__ID.1	172208	176990	98.15938088266053	98.0773249738767	98.01587301587301	4693	88	6	1	3	1
chr6:161,894,200-161,898,986	0	4787	4787	LPA__HG00514__pat__ID.1	178190	182972	98.15938088266053	98.0773249738767	98.01587301587301	4693	88	6	1	3	1
chr6:161,894,200-161,898,986	0	4787	4787	LPA__NA19240__mat__ID.1	166967	171754	98.18105791344344	98.07852965747702	98.01711542475475	4696	87	4	4	2	3
chr6:161,894,200-161,898,986	0	4787	4787	LPA__HG00514__pat__ID.1	183739	188529	98.18105791344344	98.09901817422185	97.95577805590321	4696	87	4	7	2	2
chr6:161,894,200-161,898,986	0	4787	4787	LPA__HG03125__mat__ID.1	133751	138528	98.24120603015075	98.13846475632712	97.99498746867168	4692	84	11	1	4	1
chr6:161,894,200-161,898,986	0	4787	4787	LPA__NA19240__mat__ID.1	133714	138491	98.24120603015075	98.13846475632712	97.99498746867168	4692	84	11	1	4	1
chr6:161,894,200-161,898,986	0	4787	4787	LPA__HG03492__mat__ID.1	150025	154800	98.26141600335148	98.15861058798912	97.97410192147034	4691	83	13	1	4	1
chr6:161,894,200-161,898,986	0	4787	4787	LPA__HG00514__pat__ID.1	144918	149694	98.21989528795811	98.13768570830717	97.953216374269	4690	85	12	1	3	1
chr6:161,894,200-161,898,986	0	4787	4787	LPA__HG02080__mat__ID.1	144904	149680	98.21989528795811	98.13768570830717	97.953216374269	4690	85	12	1	3	1
chr6:161,894,200-161,898,986	0	4787	4787	LPA__HG01243__pat__ID.1	139402	144178	98.21989528795811	98.13768570830717	97.953216374269	4690	85	12	1	3	1
chr6:161,894,200-161,898,986	0	4787	4787	LPA__HG01109__pat__ID.1	144476	149252	98.21989528795811	98.13768570830717	97.953216374269	4690	85	12	1	3	1
chr6:161,894,200-161,898,986	0	4787	4787	LPA__HG01109__pat__ID.1	150018	154789	98.30188679245283	98.19895287958116	97.93233082706767	4689	81	17	1	4	1
chr6:161,894,200-161,898,986	0	4787	4787	LPA__HG03492__mat__ID.1	188850	193629	98.22064056939502	98.11794228356337	97.97452495301734	4692	85	10	2	3	2
chr6:161,894,200-161,898,986	0	4787	4787	LPA__HG02723__mat__ID.1	233606	238378	98.26032278348355	98.17801047120419	97.91144527986633	4688	83	16	1	3	1
chr6:161,894,200-161,898,986	0	4787	4787	LPA__HG01109__pat__ID.1	216571	221350	98.22064056939502	98.11794228356337	97.97452495301734	4692	85	10	2	3	2
chr6:161,894,200-161,898,986	0	4787	4787	LPA__HG01109__pat__ID.1	188833	193615	98.13846475632712	98.0564263322884	97.99498746867168	4692	89	6	1	3	1
chr6:161,894,200-161,898,986	0	4787	4787	LPA__HG01109__pat__ID.1	244295	249077	98.13846475632712	98.0564263322884	97.99498746867168	4692	89	6	1	3	1
chr6:161,894,200-161,898,986	0	4787	4787	LPA__NA19240__mat__ID.1	211335	216122	98.1601505331382	98.05764411027569	97.99624295554165	4695	88	4	4	2	3
chr6:161,894,200-161,898,986	0	4787	4787	LPA__HG02080__mat__ID.1	266906	271684	98.1787732886749	98.09663250366032	97.953216374269	4690	87	10	1	3	1
chr6:161,894,200-161,898,986	0	4787	4787	LPA__HG00514__pat__ID.1	244728	249512	98.07652101191721	98.01504387797743	97.97410192147034	4691	92	4	1	2	1
chr6:161,894,200-161,898,986	0	4787	4787	LPA__NA19240__mat__ID.1	155885	160658	98.2606873428332	98.15783964831485	97.93233082706767	4689	83	15	1	4	1
chr6:161,894,200-161,898,986	0	4787	4787	LPA__HG02723__mat__ID.1	211428	216202	98.24010056568196	98.13729593972373	97.93233082706767	4689	84	14	1	4	1
chr6:161,894,200-161,898,986	0	4787	4787	LPA__HG02723__mat__ID.1	228066	232840	98.24010056568196	98.13729593972373	97.93233082706767	4689	84	14	1	4	1
chr6:161,894,200-161,898,986	0	4787	4787	LPA__HG02723__pat__ID.1	216597	221371	98.24010056568196	98.13729593972373	97.93233082706767	4689	84	14	1	4	1
chr6:161,894,200-161,898,986	0	4787	4787	LPA__HG03492__mat__ID.1	194395	199177	98.11754862999372	98.0355276907001	97.97410192147034	4691	90	6	1	3	1
chr6:161,894,200-161,898,986	0	4787	4787	LPA__HG02723__pat__ID.1	205507	210281	98.24010056568196	98.13729593972373	97.93233082706767	4689	84	14	1	4	1
chr6:161,894,200-161,898,986	0	4787	4787	LPA__HG03492__mat__ID.1	205489	210271	98.11754862999372	98.0355276907001	97.97410192147034	4691	90	6	1	3	1
chr6:161,894,200-161,898,986	0	4787	4787	LPA__HG03125__mat__ID.1	139294	144073	98.19970692903496	98.09703053115851	97.95364376696597	4691	86	10	2	3	2
chr6:161,894,200-161,898,986	0	4787	4787	LPA__HG01109__pat__ID.1	249843	254625	98.11754862999372	98.0355276907001	97.97410192147034	4691	90	6	1	3	1
chr6:161,894,200-161,898,986	0	4787	4787	LPA__HG02723__pat__ID.1	222137	226909	98.2393628170195	98.15706806282722	97.890559732665	4687	84	16	1	3	1
chr6:161,894,200-161,898,986	0	4787	4787	LPA__HG00514__pat__ID.1	189295	194065	98.25959320612287	98.17724701445631	97.86967418546367	4686	83	18	1	3	1
chr6:161,894,200-161,898,986	0	4787	4787	LPA__HG01109__pat__ID.1	155555	160325	98.25959320612287	98.17724701445631	97.86967418546367	4686	83	18	1	3	1
chr6:161,894,200-161,898,986	0	4787	4787	LPA__NA19240__mat__ID.1	161424	166201	98.21989528795811	98.11715481171548	97.9327625809146	4690	85	12	2	3	2
chr6:161,894,200-161,898,986	0	4787	4787	LPA__HG03125__mat__ID.1	155925	160702	98.21989528795811	98.11715481171548	97.9327625809146	4690	85	12	2	3	2
chr6:161,894,200-161,898,986	0	4787	4787	LPA__HG03125__mat__ID.1	144839	149616	98.21989528795811	98.11715481171548	97.9327625809146	4690	85	12	2	3	2
chr6:161,894,200-161,898,986	0	4787	4787	LPA__HG02080__mat__ID.1	255812	260592	98.13768570830717	98.05561363161196	97.953216374269	4690	89	8	1	3	1
chr6:161,894,200-161,898,986	0	4787	4787	LPA__HG03492__mat__ID.1	199943	204723	98.13768570830717	98.05561363161196	97.953216374269	4690	89	8	1	3	1
chr6:161,894,200-161,898,986	0	4787	4787	LPA__HG00514__pat__ID.1	233636	238416	98.13768570830717	98.05561363161196	97.953216374269	4690	89	8	1	3	1
chr6:161,894,200-161,898,986	0	4787	4787	LPA__HG01243__pat__ID.1	205955	210735	98.13768570830717	98.05561363161196	97.953216374269	4690	89	8	1	3	1
chr6:161,894,200-161,898,986	0	4787	4787	LPA__NA19240__mat__ID.1	183616	188393	98.21989528795811	98.11715481171548	97.9327625809146	4690	85	12	2	3	2
chr6:161,894,200-161,898,986	0	4787	4787	LPA__HG02080__mat__ID.1	233644	238424	98.13768570830717	98.05561363161196	97.953216374269	4690	89	8	1	3	1
chr6:161,894,200-161,898,986	0	4787	4787	LPA__HG02080__mat__ID.1	239190	243970	98.13768570830717	98.05561363161196	97.953216374269	4690	89	8	1	3	1
chr6:161,894,200-161,898,986	0	4787	4787	LPA__HG01109__pat__ID.1	255391	260169	98.15783964831485	98.07571637732691	97.93233082706767	4689	88	10	1	3	1
chr6:161,894,200-161,898,986	0	4787	4787	LPA__HG03492__mat__ID.1	211037	215815	98.15783964831485	98.07571637732691	97.93233082706767	4689	88	10	1	3	1
chr6:161,894,200-161,898,986	0	4787	4787	LPA__HG02080__mat__ID.1	139362	144138	98.17801047120419	98.09583594894329	97.91144527986633	4688	87	12	1	3	1
chr6:161,894,200-161,898,986	0	4787	4787	LPA__HG00514__pat__ID.1	133834	138610	98.17801047120419	98.09583594894329	97.91144527986633	4688	87	12	1	3	1
chr6:161,894,200-161,898,986	0	4787	4787	LPA__HG03492__mat__ID.1	138941	143717	98.17801047120419	98.09583594894329	97.91144527986633	4688	87	12	1	3	1
chr6:161,894,200-161,898,986	0	4787	4787	LPA__HG01109__pat__ID.1	133392	138168	98.17801047120419	98.09583594894329	97.91144527986633	4688	87	12	1	3	1
chr6:161,894,200-161,898,986	0	4787	4787	LPA__HG03492__mat__ID.1	144483	149259	98.17801047120419	98.09583594894329	97.91144527986633	4688	87	12	1	3	1
chr6:161,894,200-161,898,986	0	4787	4787	LPA__HG01243__pat__ID.1	144944	149720	98.17801047120419	98.09583594894329	97.91144527986633	4688	87	12	1	3	1
chr6:161,894,200-161,898,986	0	4787	4787	LPA__HG01243__pat__ID.1	133860	138636	98.17801047120419	98.09583594894329	97.91144527986633	4688	87	12	1	3	1
chr6:161,894,200-161,898,986	0	4787	4787	LPA__HG00514__pat__ID.1	139376	144152	98.17801047120419	98.09583594894329	97.91144527986633	4688	87	12	1	3	1
chr6:161,894,200-161,898,986	0	4787	4787	LPA__HG01109__pat__ID.1	222116	226898	98.09663250366032	98.0146290491118	97.953216374269	4690	91	6	1	3	1
chr6:161,894,200-161,898,986	0	4787	4787	LPA__HG01243__pat__ID.1	244769	249551	98.09663250366032	98.0146290491118	97.953216374269	4690	91	6	1	3	1
chr6:161,894,200-161,898,986	0	4787	4787	LPA__HG02080__mat__ID.1	222546	227328	98.09663250366032	98.0146290491118	97.953216374269	4690	91	6	1	3	1
chr6:161,894,200-161,898,986	0	4787	4787	LPA__HG00514__pat__ID.1	228088	232870	98.09663250366032	98.0146290491118	97.953216374269	4690	91	6	1	3	1
chr6:161,894,200-161,898,986	0	4787	4787	LPA__HG02080__mat__ID.1	228095	232877	98.09663250366032	98.0146290491118	97.953216374269	4690	91	6	1	3	1
chr6:161,894,200-161,898,986	0	4787	4787	LPA__HG02080__mat__ID.1	261358	266140	98.09663250366032	98.0146290491118	97.953216374269	4690	91	6	1	3	1
chr6:161,894,200-161,898,986	0	4787	4787	LPA__NA19240__mat__ID.1	139257	144036	98.1787732886749	98.07611877875365	97.9327625809146	4690	87	10	2	3	2
chr6:161,894,200-161,898,986	0	4787	4787	LPA__HG02080__mat__ID.1	211450	216232	98.09663250366032	98.0146290491118	97.953216374269	4690	91	6	1	3	1
chr6:161,894,200-161,898,986	0	4787	4787	LPA__HG01243__pat__ID.1	200409	205189	98.11676082862523	98.03470625130672	97.93233082706767	4689	90	8	1	3	1
chr6:161,894,200-161,898,986	0	4787	4787	LPA__NA19240__mat__ID.1	172520	177297	98.19895287958116	98.09623430962343	97.91188139486323	4689	86	12	2	3	2
chr6:161,894,200-161,898,986	0	4787	4787	LPA__HG00514__pat__ID.1	150460	155230	98.23862444957014	98.15629583071444	97.84878863826232	4685	84	18	1	3	1
chr6:161,894,200-161,898,986	0	4787	4787	LPA__HG03125__mat__ID.1	167021	171798	98.19895287958116	98.09623430962343	97.91188139486323	4689	86	12	2	3	2
chr6:161,894,200-161,898,986	0	4787	4787	LPA__HG01109__pat__ID.1	227664	232444	98.11676082862523	98.03470625130672	97.93233082706767	4689	90	8	1	3	1
chr6:161,894,200-161,898,986	0	4787	4787	LPA__HG00514__pat__ID.1	239182	243962	98.11676082862523	98.03470625130672	97.93233082706767	4689	90	8	1	3	1
chr6:161,894,200-161,898,986	0	4787	4787	LPA__HG03125__mat__ID.1	172564	177341	98.19895287958116	98.09623430962343	97.91188139486323	4689	86	12	2	3	2
chr6:161,894,200-161,898,986	0	4787	4787	LPA__HG02723__pat__ID.1	138954	143728	98.24010056568196	98.11676082862523	97.93233082706767	4689	84	14	1	5	1
chr6:161,894,200-161,898,986	0	4787	4787	LPA__HG01243__pat__ID.1	233679	238457	98.13690600795478	98.05480025099352	97.91144527986633	4688	89	10	1	3	1
chr6:161,894,200-161,898,986	0	4787	4787	LPA__HG01109__pat__ID.1	238751	243529	98.13690600795478	98.05480025099352	97.91144527986633	4688	89	10	1	3	1
chr6:161,894,200-161,898,986	0	4787	4787	LPA__HG01243__pat__ID.1	250317	255095	98.13690600795478	98.05480025099352	97.91144527986633	4688	89	10	1	3	1
chr6:161,894,200-161,898,986	0	4787	4787	LPA__HG02080__mat__ID.1	133820	138596	98.15706806282722	98.07491106926135	97.890559732665	4687	88	12	1	3	1
chr6:161,894,200-161,898,986	0	4787	4787	LPA__HG01109__pat__ID.1	138934	143710	98.15706806282722	98.07491106926135	97.890559732665	4687	88	12	1	3	1
chr6:161,894,200-161,898,986	0	4787	4787	LPA__HG01243__pat__ID.1	211501	216282	98.11715481171548	98.0146290491118	97.953216374269	4690	90	7	1	4	1
chr6:161,894,200-161,898,986	0	4787	4787	LPA__NA19240__mat__ID.1	227984	232756	98.19744288409139	98.1151832460733	97.84878863826232	4685	86	16	1	3	1
chr6:161,894,200-161,898,986	0	4787	4787	LPA__HG03125__mat__ID.1	194766	199542	98.2195224130708	98.09623430962343	97.91188139486323	4689	85	13	2	4	2
chr6:161,894,200-161,898,986	0	4787	4787	LPA__HG03125__mat__ID.1	233590	238362	98.19744288409139	98.1151832460733	97.84878863826232	4685	86	16	1	3	1
chr6:161,894,200-161,898,986	0	4787	4787	LPA__NA19240__mat__ID.1	144802	149579	98.17801047120419	98.07531380753139	97.89100020881186	4688	87	12	2	3	2
chr6:161,894,200-161,898,986	0	4787	4787	LPA__HG02723__mat__ID.1	155964	160738	98.21914938194008	98.09583594894329	97.91144527986633	4688	85	14	1	5	1
chr6:161,894,200-161,898,986	0	4787	4787	LPA__NA19240__mat__ID.1	189159	193929	98.2176556930174	98.13534464697256	97.82790309106099	4684	85	18	1	3	1
chr6:161,894,200-161,898,986	0	4787	4787	LPA__HG03125__mat__ID.1	200308	205078	98.2176556930174	98.13534464697256	97.82790309106099	4684	85	18	1	3	1
chr6:161,894,200-161,898,986	0	4787	4787	LPA__HG02080__mat__ID.1	150446	155216	98.2176556930174	98.13534464697256	97.82790309106099	4684	85	18	1	3	1
chr6:161,894,200-161,898,986	0	4787	4787	LPA__HG01243__pat__ID.1	239223	244003	98.09583594894329	98.01379887100147	97.91144527986633	4688	91	8	1	3	1
chr6:161,894,200-161,898,986	0	4787	4787	LPA__HG01109__pat__ID.1	211029	215805	98.13612565445027	98.0539861895794	97.86967418546367	4686	89	12	1	3	1
chr6:161,894,200-161,898,986	0	4787	4787	LPA__HG03492__mat__ID.1	183308	188084	98.13612565445027	98.0539861895794	97.86967418546367	4686	89	12	1	3	1
chr6:161,894,200-161,898,986	0	4787	4787	LPA__HG01243__pat__ID.1	194867	199643	98.13612565445027	98.0539861895794	97.86967418546367	4686	89	12	1	3	1
chr6:161,894,200-161,898,986	0	4787	4787	LPA__HG01243__pat__ID.1	217048	221829	98.11676082862523	98.01421404682274	97.91188139486323	4689	90	8	2	3	2
chr6:161,894,200-161,898,986	0	4787	4787	LPA__HG01243__pat__ID.1	222595	227369	98.15629583071444	98.07410508687461	97.84878863826232	4685	88	14	1	3	1
chr6:161,894,200-161,898,986	0	4787	4787	LPA__HG00514__pat__ID.1	205916	210690	98.15629583071444	98.07410508687461	97.84878863826232	4685	88	14	1	3	1
chr6:161,894,200-161,898,986	0	4787	4787	LPA__HG02723__pat__ID.1	227675	232447	98.17648291762733	98.09424083769633	97.82790309106099	4684	87	16	1	3	1
chr6:161,894,200-161,898,986	0	4787	4787	LPA__NA19240__mat__ID.1	150345	155119	98.21877619446772	98.09543742151529	97.87011902276049	4687	85	15	2	4	2
chr6:161,894,200-161,898,986	0	4787	4787	LPA__HG03492__mat__ID.1	133398	138175	98.15706806282722	98.05439330543933	97.87011902276049	4687	88	12	2	3	2
chr6:161,894,200-161,898,986	0	4787	4787	LPA__HG00514__pat__ID.1	222544	227322	98.09503872723467	98.01296799832672	97.86967418546367	4686	91	10	1	3	1
chr6:161,894,200-161,898,986	0	4787	4787	LPA__HG00514__pat__ID.1	211456	216234	98.09503872723467	98.01296799832672	97.86967418546367	4686	91	10	1	3	1
chr6:161,894,200-161,898,986	0	4787	4787	LPA__HG01243__pat__ID.1	228135	232913	98.09503872723467	98.01296799832672	97.86967418546367	4686	91	10	1	3	1
chr6:161,894,200-161,898,986	0	4787	4787	LPA__HG02080__mat__ID.1	200368	205144	98.1151832460733	98.03306130989746	97.84878863826232	4685	90	12	1	3	1
chr6:161,894,200-161,898,986	0	4787	4787	LPA__HG00514__pat__ID.1	194831	199607	98.1151832460733	98.03306130989746	97.84878863826232	4685	90	12	1	3	1
chr6:161,894,200-161,898,986	0	4787	4787	LPA__HG01109__pat__ID.1	233210	237984	98.13534464697256	98.05317144651455	97.82790309106099	4684	89	14	1	3	1
chr6:161,894,200-161,898,986	0	4787	4787	LPA__HG02080__mat__ID.1	205910	210684	98.13534464697256	98.05317144651455	97.82790309106099	4684	89	14	1	3	1
chr6:161,894,200-161,898,986	0	4787	4787	LPA__HG00514__pat__ID.1	250278	255050	98.15552295116328	98.07329842931937	97.80701754385964	4683	88	16	1	3	1
chr6:161,894,200-161,898,986	0	4787	4787	LPA__HG00514__pat__ID.1	200373	205149	98.09424083769633	98.01213643021552	97.82790309106099	4684	91	12	1	3	1
chr6:161,894,200-161,898,986	0	4787	4787	LPA__HG02723__pat__ID.1	155588	160356	98.23788546255507	98.11439346323067	97.80701754385964	4683	84	20	1	5	1
chr6:161,894,200-161,898,986	0	4787	4787	LPA__HG02080__mat__ID.1	250274	255046	98.13456298469923	98.05235602094241	97.78613199665831	4682	89	16	1	3	1
chr6:161,894,200-161,898,986	0	4787	4787	LPA__HG02080__mat__ID.1	244736	249508	98.13456298469923	98.05235602094241	97.78613199665831	4682	89	16	1	3	1
chr6:161,894,200-161,898,986	0	4787	4787	LPA__HG02723__pat__ID.1	161122	165890	98.21690790853786	98.0934422794888	97.78613199665831	4682	85	20	1	5	1
chr6:161,894,200-161,898,986	0	4787	4787	LPA__HG02723__pat__ID.1	144494	149260	98.23714585519413	98.11360301823517	97.76524644945698	4681	84	22	1	5	1
chr6:161,894,200-161,898,986	0	4787	4787	LPA__HG02723__mat__ID.1	172595	177360	98.2367758186398	98.09264305177112	97.74436090225564	4680	84	23	1	6	1
chr6:161,894,200-161,898,986	0	4787	4787	LPA__HG02723__mat__ID.1	133776	138546	98.19668693646467	98.03223780615448	97.80701754385964	4683	86	18	1	7	1
chr6:161,894,200-161,898,986	0	4787	4787	LPA__HG02723__pat__ID.1	133418	138188	98.19668693646467	98.03223780615448	97.80701754385964	4683	86	18	1	7	1
chr6:161,894,200-161,898,986	0	4787	4787	LPA__HG02723__mat__ID.1	161504	166269	98.21578505457599	98.07168308530706	97.7234753550543	4679	85	23	1	6	1
chr6:161,894,200-161,898,986	0	4787	4787	LPA__Mhudiblu_PPA__pri__ID.1	178516	183308	95.81239530988275	95.55230737105867	95.27378721632313	4576	200	11	16	8	5
chr6:161,894,200-161,898,986	0	4787	4787	LPA__Clint_PTR__pri__ID.1	172796	177586	95.73043114273754	95.49060542797494	95.31152323400708	4574	204	9	12	7	5
chr6:161,894,200-161,898,986	0	4787	4787	LPA__Clint_PTR__alt__ID.1	172741	177535	95.81414817915446	95.53422370617696	95.315427857589	4578	200	9	16	7	7
chr6:161,894,200-161,898,986	0	4787	4787	LPA__Mhudiblu_PPA__pri__ID.1	200742	205533	95.79145728643216	95.5314261850073	95.27280299875052	4575	201	11	15	8	5
chr6:161,894,200-161,898,986	0	4787	4787	LPA__Mhudiblu_PPA__pri__ID.1	184074	188865	95.79145728643216	95.5314261850073	95.27280299875052	4575	201	11	15	8	5
chr6:161,894,200-161,898,986	0	4787	4787	LPA__Mhudiblu_PPA__pri__ID.1	189630	194421	95.79145728643216	95.5314261850073	95.27280299875052	4575	201	11	15	8	5
chr6:161,894,200-161,898,986	0	4787	4787	LPA__Mhudiblu_PPA__pri__ID.1	172960	177751	95.70950188363332	95.46972860125261	95.27083333333333	4573	205	9	13	7	5
chr6:161,894,200-161,898,986	0	4787	4787	LPA__Clint_PTR__alt__ID.1	194931	199719	95.77051926298158	95.49060542797494	95.31152323400708	4574	202	11	12	8	6
chr6:161,894,200-161,898,986	0	4787	4787	LPA__Clint_PTR__pri__ID.1	195012	199816	95.85600669736291	95.57595993322204	95.15894452524412	4580	198	9	26	7	7
chr6:161,894,200-161,898,986	0	4787	4787	LPA__Mhudiblu_PPA__pri__ID.1	217377	222167	95.68857262452909	95.44885177453027	95.26984788497603	4572	206	9	12	7	5
chr6:161,894,200-161,898,986	0	4787	4787	LPA__Clint_PTR__pri__ID.1	178351	183133	95.82809224318659	95.54765886287625	95.24901021046051	4571	199	17	12	8	6
chr6:161,894,200-161,898,986	0	4787	4787	LPA__Clint_PTR__pri__ID.1	189445	194247	95.79321892005024	95.51335559265442	95.13614633132404	4577	201	9	24	7	7
chr6:161,894,200-161,898,986	0	4787	4787	LPA__Clint_PTR__pri__ID.1	183898	188680	95.76519916142557	95.48494983277592	95.18649718691394	4568	202	17	12	8	6
chr6:161,894,200-161,898,986	0	4787	4787	LPA__Mhudiblu_PPA__alt__ID.1	178470	183251	95.72327044025157	95.46309847376124	95.16465193830763	4566	204	17	11	8	5
chr6:161,894,200-161,898,986	0	4787	4787	LPA__Mhudiblu_PPA__pri__ID.1	206298	211073	95.7808564231738	95.52020096294746	95.10212588578574	4563	201	23	11	8	5
chr6:161,894,200-161,898,986	0	4787	4787	LPA__Mhudiblu_PPA__alt__ID.1	228507	233303	95.64671410632063	95.4070981210856	95.1092611862643	4570	208	9	18	7	5
chr6:161,894,200-161,898,986	0	4787	4787	LPA__Clint_PTR__alt__ID.1	189386	194166	95.76342281879195	95.48306148055207	95.14482183788289	4566	202	19	12	8	6
chr6:161,894,200-161,898,986	0	4787	4787	LPA__Clint_PTR__alt__ID.1	183843	188621	95.78262694083088	95.5020920502092	95.12398416336737	4565	201	21	12	8	6
chr6:161,894,200-161,898,986	0	4787	4787	LPA__Mhudiblu_PPA__alt__ID.1	206281	211078	95.64671410632063	95.4070981210856	95.08947149396587	4570	208	9	19	7	5
chr6:161,894,200-161,898,986	0	4787	4787	LPA__Clint_PTR__alt__ID.1	178300	183078	95.76164498531263	95.48117154811716	95.10314648885185	4564	202	21	12	8	6
chr6:161,894,200-161,898,986	0	4787	4787	LPA__Mhudiblu_PPA__alt__ID.1	172922	177705	95.70230607966457	95.42224080267559	95.10416666666667	4565	205	17	13	8	6
chr6:161,894,200-161,898,986	0	4787	4787	LPA__Mhudiblu_PPA__alt__ID.1	184016	188823	95.70950188363332	95.44980171154248	94.95431893687707	4573	205	9	29	7	6
chr6:161,894,200-161,898,986	0	4787	4787	LPA__Mhudiblu_PPA__pri__ID.1	222932	227704	95.69508609827804	95.45454545454545	94.99687304565353	4557	205	25	10	8	4
chr6:161,894,200-161,898,986	0	4787	4787	LPA__Clint_PTR__alt__ID.1	200484	205264	95.65855704697987	95.39845220665133	95.04063346530528	4561	207	19	12	8	5
chr6:161,894,200-161,898,986	0	4787	4787	LPA__Mhudiblu_PPA__alt__ID.1	234068	238866	95.64489112227805	95.38525788264774	94.98856311083385	4568	208	11	22	8	5
chr6:161,894,200-161,898,986	0	4787	4787	LPA__Mhudiblu_PPA__alt__ID.1	222946	227742	95.70410729253982	95.4440961337513	94.92828933693619	4567	205	15	24	8	5
chr6:161,894,200-161,898,986	0	4787	4787	LPA__Mhudiblu_PPA__alt__ID.1	239631	244405	95.69689336691856	95.41649225617414	95.03856577027308	4559	205	23	10	9	5
chr6:161,894,200-161,898,986	0	4787	4787	LPA__Clint_PTR__pri__ID.1	200581	205358	95.61661073825503	95.35661995398452	95.05838198498749	4559	209	19	9	8	5
chr6:161,894,200-161,898,986	0	4787	4787	LPA__Mhudiblu_PPA__pri__ID.1	195186	199978	95.76786088413995	95.40805677311626	95.11027881814398	4571	202	14	19	9	9
chr6:161,894,200-161,898,986	0	4787	4787	LPA__Mhudiblu_PPA__pri__ID.1	211838	216612	95.69508609827804	95.43455497382199	94.95728276724317	4557	205	25	12	8	5
chr6:161,894,200-161,898,986	0	4787	4787	LPA__Mhudiblu_PPA__alt__ID.1	200720	205516	95.66219614417435	95.40229885057471	94.88671793805861	4565	207	15	24	8	5
chr6:161,894,200-161,898,986	0	4787	4787	LPA__Mhudiblu_PPA__alt__ID.1	217408	222181	95.65308693826124	95.39267015706807	94.93538974572739	4555	207	25	11	8	5
chr6:161,894,200-161,898,986	0	4787	4787	LPA__Mhudiblu_PPA__alt__ID.1	195154	199955	95.62395309882747	95.34446764091858	94.90856192851206	4567	209	11	25	8	6
chr6:161,894,200-161,898,986	0	4787	4787	LPA__Mhudiblu_PPA__alt__ID.1	189588	194389	95.56113902847571	95.28183716075156	94.84621778886118	4564	212	11	25	8	6
chr6:161,894,200-161,898,986	0	4787	4787	LPA__Mhudiblu_PPA__alt__ID.1	211843	216643	95.56113902847571	95.26194948862451	94.86593223861983	4564	212	11	24	8	7
chr6:161,894,200-161,898,986	0	4787	4787	LPA__Clint_PTR__alt__ID.1	211574	216343	95.52708945821084	95.22712999790663	94.88944513975802	4549	213	25	7	11	4
chr6:161,894,200-161,898,986	0	4786	4787	LPA__Clint_PTR__alt__ID.1	206029	210808	95.44787077826726	95.18828451882845	94.83117965819092	4550	217	19	12	8	5
chr6:161,894,200-161,898,986	0	4787	4787	LPA__Clint_PTR__pri__ID.1	206123	210888	95.5443463640185	95.24408129059292	94.82686691697955	4546	212	29	7	11	4
